117.09 117.98 107.04 107.40 
108.20 116.71 103.56 116.46 
104.19 109.06 101.43 106.22 
125.25 128.99 109.05 109.65 
116.28 125.61 115.67 122.35 
108.46 115.19 101.26 115.15 
113.10 115.80 105.01 107.59 
111.31 114.00 102.41 113.06 
122.40 126.22 113.08 114.77 
144.02 146.22 121.63 124.28 
151.52 158.65 143.70 144.35 
152.71 156.03 149.60 151.71 
164.13 168.39 154.23 154.46 
164.97 170.83 162.32 163.56 
161.12 166.37 159.55 164.77 
145.98 161.59 140.88 161.25 
145.44 149.68 133.57 145.52 
152.43 154.45 143.81 145.64 
150.48 153.99 139.50 153.79 
151.75 160.35 150.89 152.60 
158.52 163.83 152.73 153.29 
144.75 161.20 138.33 157.64 
139.00 145.18 135.35 143.98 
159.10 159.73 142.07 142.64 
160.59 166.88 156.30 162.14 
167.55 171.40 161.94 162.55 
171.04 172.94 166.56 166.72 
166.85 172.05 165.60 171.07 
172.00 174.17 165.19 170.02 
169.65 177.50 166.93 172.21 
177.38 179.80 166.93 169.49 
183.82 185.67 175.21 175.23 
176.85 188.11 176.26 183.83 
176.16 180.27 172.35 176.26 
168.09 178.31 164.18 175.95 
166.75 173.95 163.67 168.62 
169.42 173.14 166.56 166.78 
163.75 170.52 161.81 170.45 
163.97 166.29 158.81 164.43 
168.57 170.78 162.80 164.16 
169.80 171.46 165.25 171.28 
174.14 174.90 170.10 173.13 
173.90 177.50 173.15 173.46 
167.87 176.35 167.76 173.90 
160.59 167.62 160.50 167.48 
164.15 165.00 158.79 160.00 
167.18 167.90 163.48 164.70 
167.66 169.55 164.99 167.25 
183.66 185.60 165.35 166.38 
176.63 183.31 174.96 182.83 
187.20 188.65 178.52 178.68 
176.51 188.00 176.45 185.97 
170.80 175.59 170.47 175.55 
173.82 176.24 169.71 170.07 
167.34 175.35 166.78 174.34 
159.87 168.33 158.61 167.34 
162.17 162.55 159.20 160.31 
160.78 164.79 160.53 161.15 
162.30 165.60 159.20 160.15 
164.12 164.15 156.37 161.15 
174.24 174.33 162.36 164.58 
167.40 177.70 166.55 173.37 
169.52 171.80 165.07 167.04 
167.76 171.60 166.30 169.97 
158.65 168.61 158.06 168.61 
152.77 158.12 151.42 158.05 
153.39 159.10 149.80 152.60 
153.73 158.65 150.83 153.75 
150.75 156.59 147.57 154.47 
156.39 158.18 144.05 150.02 
160.41 161.62 151.84 154.65 
162.70 166.90 162.29 162.50 
167.93 168.25 161.67 163.89 
162.12 171.70 161.75 167.61 
166.43 168.19 159.23 160.31 
155.35 167.43 154.80 164.61 
157.40 159.50 154.30 155.21 
163.50 163.60 156.56 159.13 
159.70 167.53 158.63 162.85 
160.00 161.35 158.30 158.63 
157.15 163.18 156.30 160.08 
157.82 159.21 153.64 155.82 
160.42 162.45 156.28 158.13 
155.83 160.81 153.27 159.77 
154.66 159.46 153.63 154.97 
161.55 164.45 150.97 156.44 
153.09 168.34 147.51 165.57 
159.94 164.58 150.95 151.81 
164.98 166.45 156.10 160.22 
167.50 174.81 158.00 163.64 
157.29 164.45 154.50 164.33 
157.44 161.20 155.86 156.25 
145.32 156.70 143.55 154.76 
158.65 159.37 145.28 147.75 
157.20 167.49 154.20 155.81 
170.45 177.61 155.56 164.73 
165.51 172.65 162.88 170.09 
158.66 166.00 157.71 164.24 
158.52 160.88 153.65 157.40 
159.03 162.37 155.06 158.37 
153.10 162.34 149.79 158.23 
150.01 162.03 144.40 150.45 
162.55 167.21 145.91 148.10 
146.75 160.75 146.50 160.00 
134.50 147.78 131.50 144.51 
134.22 139.80 133.45 134.64 
126.33 134.87 125.40 133.75 
125.01 136.12 124.37 127.25 
122.40 125.38 121.86 124.15 
122.90 123.10 116.50 122.12 
120.22 126.27 119.20 121.84 
118.73 120.98 116.89 120.49 
112.82 119.36 112.82 118.98 
122.16 123.75 112.91 114.30 
119.50 122.25 113.98 120.51 
102.00 123.05 101.90 118.75 
96.80 102.65 96.50 102.14 
96.14 99.65 94.46 95.33 
91.39 97.82 90.60 95.00 
82.08 97.85 81.30 92.30 
88.69 94.71 83.75 89.25 
95.32 99.82 93.47 95.05 
100.16 101.96 90.56 94.19 
106.25 109.25 104.40 104.80 
104.25 109.30 104.25 106.74 
100.53 104.93 100.01 103.96 
91.00 102.79 90.77 100.44 
93.25 95.13 92.37 93.08 
94.57 94.90 92.75 93.24 
93.00 95.89 93.00 94.16 
93.70 94.90 91.61 93.75 
89.41 95.07 89.23 93.49 
88.35 90.15 87.85 89.33 
87.53 88.45 86.75 88.05 
90.22 90.28 87.00 87.58 
87.66 91.23 87.66 90.04 
86.92 88.13 86.14 87.29 
88.90 89.31 86.64 86.97 
90.05 90.75 88.70 89.29 
87.40 89.87 87.13 89.57 
88.48 89.49 84.75 88.07 
86.45 89.94 86.10 87.88 
86.58 87.39 85.25 86.60 
86.35 87.78 84.25 86.98 
88.85 89.79 85.69 86.27 
91.20 91.63 89.05 89.71 
92.05 92.68 90.27 91.97 
88.50 92.10 88.40 91.68 
88.35 89.99 87.18 88.81 
90.90 91.48 87.26 87.48 
89.80 91.59 87.86 89.63 
88.51 91.71 87.44 90.38 
96.50 96.61 90.40 91.16 
98.56 100.06 96.23 97.15 
101.07 101.32 97.58 98.23 
96.71 101.79 96.41 100.55 
96.15 97.30 95.33 97.15 
95.63 95.84 93.62 94.68 
93.83 96.76 93.77 95.56 
91.10 94.69 90.90 93.48 
88.00 90.31 83.60 90.20 
91.64 92.46 88.64 88.75 
92.63 93.95 90.21 91.16 
91.83 95.88 90.79 93.45 
95.90 97.95 92.80 94.50 
97.45 98.22 94.09 98.12 
92.77 97.55 92.28 97.53 
92.10 93.82 90.94 93.08 
91.66 92.65 91.26 92.15 
90.01 91.93 89.94 91.86 
87.89 90.29 87.28 89.04 
85.64 91.19 85.63 88.24 
81.31 85.94 81.30 85.62 
84.25 85.47 79.33 81.04 
82.07 83.71 80.75 83.59 
80.05 81.75 80.03 81.58 
80.05 82.82 79.30 80.40 
81.15 83.61 78.34 79.41 
82.18 86.82 79.54 81.31 
84.05 84.17 80.51 83.53 
80.75 85.81 79.76 84.81 
80.12 83.83 79.46 82.03 
75.54 79.70 73.05 78.77 
67.30 75.67 65.35 73.90 
78.30 79.23 68.20 68.87 
81.19 85.25 79.25 79.60 
88.47 88.92 80.49 81.46 
76.95 84.80 76.21 84.51 
78.85 79.06 71.00 75.10 
84.91 85.43 77.33 79.67 
82.88 89.20 79.82 85.62 
83.00 84.87 73.82 83.28 
89.20 90.47 80.15 82.14 
89.75 92.25 86.71 88.20 
93.70 95.10 84.25 89.43 
101.10 101.66 93.14 94.48 
95.19 101.33 93.25 100.15 
97.74 97.91 94.37 95.75 
101.33 102.53 95.85 98.51 
95.75 101.28 95.46 100.64 
94.53 95.97 93.30 95.27 
94.92 96.25 92.78 94.11 
91.29 95.73 90.95 94.31 
91.37 92.05 86.97 91.16 
90.61 94.00 88.50 90.86 
91.10 92.94 89.87 90.69 
86.20 90.77 85.81 90.65 
84.14 86.25 83.90 85.53 
85.13 86.17 82.32 84.99 
85.31 88.16 85.02 85.78 
84.08 86.24 84.03 85.80 
80.04 85.72 80.01 84.20 
79.25 80.71 78.32 80.51 
80.20 80.56 78.26 78.72 
79.47 80.78 79.13 80.15 
79.13 79.80 77.30 79.05 
77.33 81.91 70.75 78.63 
72.25 78.43 71.37 76.37 
71.25 72.99 70.13 71.54 
70.88 72.98 67.64 70.26 
76.50 78.80 68.26 72.37 
77.73 79.50 74.77 74.78 
79.63 80.88 78.38 78.58 
74.71 78.95 74.05 78.94 
72.32 76.44 72.32 75.01 
68.23 73.45 67.20 72.43 
70.13 73.05 63.30 66.98 
70.46 74.90 69.26 71.50 
66.15 70.13 64.04 70.10 
58.60 65.29 58.53 65.26 
58.42 59.51 58.03 58.47 
59.37 59.74 58.38 58.42 
58.23 59.14 57.85 58.96 
58.69 58.76 56.24 58.10 
60.13 60.67 57.26 58.12 
56.49 59.34 56.13 59.30 
56.15 56.99 56.08 56.49 
55.46 56.78 55.44 56.27 
54.75 56.14 54.34 55.58 
49.34 55.28 48.13 55.05 
50.42 51.12 49.01 49.15 
49.66 50.42 49.01 50.15 
48.20 49.79 47.52 49.48 
47.47 48.24 46.59 48.07 
49.52 49.64 47.72 47.76 
48.77 50.00 48.02 49.34 
47.33 49.23 46.82 48.91 
47.88 48.40 47.06 47.26 
48.92 49.59 47.73 47.92 
49.53 49.81 47.57 48.40 
50.95 50.95 49.09 49.38 
51.42 54.17 50.05 51.00 
50.23 51.75 50.19 51.28 
49.25 50.43 49.17 50.09 
48.64 49.01 47.55 48.94 
50.42 50.49 48.26 48.40 
50.85 50.85 49.49 50.19 
48.35 49.99 47.25 49.39 
49.83 50.83 46.35 48.92 
48.20 49.95 48.15 49.79 
47.94 48.50 47.21 47.99 
47.05 48.14 46.96 48.07 
46.39 47.72 46.39 46.71 
45.43 47.48 45.15 46.25 
44.38 45.52 44.38 44.93 
44.98 45.56 44.22 44.23 
44.40 46.19 44.27 44.74 
41.90 44.52 41.67 44.33 
42.58 43.14 41.95 42.28 
42.59 42.78 42.36 42.62 
42.26 42.87 42.06 42.62 
42.44 43.04 41.89 42.49 
41.58 42.36 41.43 42.25 
40.49 41.40 40.15 41.37 
41.65 42.12 40.20 40.51 
40.78 42.19 40.17 41.79 
37.90 41.08 37.38 40.86 
38.17 39.00 37.41 37.49 
37.94 38.72 37.81 38.03 
38.32 39.12 37.70 37.89 
37.25 38.69 37.10 38.43 
38.85 38.85 36.84 37.02 
38.30 39.62 38.26 39.02 
37.28 38.39 35.51 38.01 
38.58 39.59 35.88 36.95 
39.05 40.04 37.66 37.75 
41.25 42.15 38.73 38.82 
41.08 41.16 40.16 40.95 
42.16 42.26 41.06 41.15 
41.80 42.36 41.51 41.97 
40.09 42.00 39.86 41.87 
39.00 40.39 38.55 40.29 
38.70 39.54 37.80 38.93 
38.44 38.80 38.20 38.62 
37.88 38.50 37.60 38.45 
38.59 38.60 37.84 37.87 
38.34 38.69 38.05 38.63 
37.99 38.52 37.52 38.30 
37.33 38.30 36.64 37.94 
36.77 37.56 36.44 37.24 
36.14 37.87 35.98 36.77 
34.60 36.40 34.11 36.28 
35.67 36.11 34.61 34.95 
35.70 36.13 34.96 35.32 
35.62 36.58 35.57 35.90 
35.21 35.83 34.82 35.61 
35.51 35.72 34.44 35.14 
33.70 36.12 33.57 35.50 
33.20 34.27 32.80 33.70 
30.83 33.50 29.96 32.98 
31.27 31.90 30.58 31.02 
29.81 31.34 29.62 31.29 
29.95 30.12 29.26 29.73 
29.22 30.16 28.78 29.93 
27.45 29.18 26.93 29.15 
28.35 29.08 27.30 27.60 
28.68 28.68 27.39 28.48 
27.70 29.25 27.63 28.76 
25.97 28.13 25.58 27.76 
24.32 25.84 23.70 25.35 
28.91 29.09 24.96 25.11 
28.85 31.90 27.36 29.35 
30.62 31.30 28.27 28.51 
32.81 32.89 30.26 30.35 
33.28 34.82 33.27 33.79 
33.42 33.49 32.83 33.14 
32.09 34.13 31.76 33.21 
33.74 34.00 31.98 32.01 
33.80 34.24 33.07 33.63 
33.58 34.14 33.06 33.66 
32.05 33.64 31.11 33.42 
32.93 33.80 32.02 32.12 
31.36 33.11 31.02 32.97 
30.11 31.54 29.81 31.30 
28.54 30.97 27.63 29.95 
27.00 28.55 26.98 28.54 
26.85 27.57 25.99 26.99 
26.00 26.63 24.52 26.63 
27.22 27.49 26.07 26.21 
25.43 27.35 25.43 27.01 
25.82 25.97 24.67 24.95 
23.18 26.13 22.55 25.90 
26.56 26.97 24.72 24.72 
26.43 26.73 25.65 26.58 
26.87 27.14 25.91 26.13 
26.39 27.25 26.16 26.81 
24.63 29.03 23.79 26.47 
22.41 24.27 22.38 24.15 
21.76 22.24 21.28 22.18 
21.75 22.00 21.45 21.89 
21.85 22.35 21.68 21.91 
21.38 22.25 21.13 21.75 
21.28 21.94 20.96 21.50 
21.31 21.92 21.10 21.35 
21.30 21.84 20.92 21.38 
21.63 21.95 21.21 21.30 
21.24 21.76 20.73 21.68 
22.19 22.35 20.80 21.14 
18.93 22.63 18.85 22.25 
19.18 19.39 18.72 18.78 
18.50 19.36 18.47 19.13 
18.59 18.89 18.42 18.61 
18.90 19.09 18.28 18.53 
18.52 18.97 18.34 18.92 
18.92 18.97 18.31 18.53 
19.04 19.42 18.94 19.00 
18.89 19.47 18.63 19.01 
18.55 19.15 18.36 19.09 
17.50 18.94 17.50 18.71 
14.63 17.98 14.32 17.73 
14.88 15.07 14.26 14.54 
15.35 15.42 14.62 14.85 
15.39 15.74 15.33 15.43 
15.10 15.54 15.10 15.45 
15.44 15.54 14.65 14.99 
15.58 15.83 15.06 15.37 
16.91 17.03 15.54 15.63 
16.74 17.06 16.56 16.93 
16.32 16.92 15.90 16.63 
15.00 16.64 15.00 16.39 
15.31 15.40 14.61 14.99 
14.29 15.29 14.25 15.27 
15.15 15.95 14.20 14.35 
15.49 15.66 14.69 15.18 
16.18 16.21 15.57 15.57 
16.02 16.26 15.57 16.14 
16.42 16.47 15.88 16.16 
16.55 16.64 15.95 16.57 
17.00 17.47 16.32 16.56 
16.66 17.33 16.64 16.95 
16.77 16.89 16.54 16.58 
15.92 16.75 15.84 16.68 
15.44 15.87 15.43 15.84 
16.21 16.24 15.23 15.35 
17.91 18.24 15.74 16.20 
17.35 17.98 17.27 17.93 
16.88 17.35 16.07 17.31 
16.25 16.91 16.11 16.87 
16.17 16.49 16.07 16.23 
16.24 16.95 16.02 16.21 
16.58 17.04 16.18 16.31 
15.72 16.54 15.19 16.48 
14.79 15.62 14.69 15.61 
14.71 15.28 14.52 14.88 
15.32 15.51 14.22 14.61 
15.20 15.66 14.40 15.40 
16.20 16.88 15.14 15.19 
15.88 16.43 15.28 16.25 
16.05 16.61 15.47 15.59 
17.12 17.41 15.78 16.15 
18.00 18.07 16.54 16.91 
18.79 18.95 17.92 18.03 
18.63 19.16 18.18 18.69 
17.94 18.77 17.72 18.60 
17.76 18.29 17.16 18.11 
18.08 18.25 17.32 17.87 
17.95 18.09 16.89 18.05 
20.15 20.40 17.89 17.93 
19.90 20.17 19.42 19.98 
19.79 20.34 19.42 19.88 
19.97 20.14 19.62 19.82 
20.18 20.28 19.81 19.90 
19.25 20.24 19.16 20.11 
19.41 19.47 18.98 19.21 
19.95 19.95 19.07 19.35 
18.69 19.70 18.66 19.68 
18.51 18.73 18.02 18.62 
17.53 18.64 17.28 18.46 
18.01 18.14 17.09 17.52 
18.00 18.30 17.80 17.95 
16.49 18.42 16.19 18.17 
15.46 16.59 15.26 16.45 
15.76 15.77 14.83 15.54 
15.67 16.15 15.55 15.95 
15.70 15.97 15.44 15.80 
14.99 16.03 14.76 15.82 
14.24 15.10 14.21 14.90 
14.52 14.55 13.97 14.05 
14.26 14.57 14.17 14.50 
14.79 14.95 14.22 14.24 
15.17 15.18 14.63 14.86 
15.55 15.65 14.95 15.21 
15.46 15.68 14.78 15.60 
15.36 15.47 15.09 15.26 
14.32 15.38 14.31 15.38 
13.95 14.33 13.86 14.29 
13.56 14.01 13.25 13.88 
13.82 14.17 13.49 13.67 
13.83 14.12 13.51 13.70 
13.32 14.01 13.15 13.84 
13.45 13.59 12.92 13.09 
13.14 13.50 13.10 13.49 
12.90 13.18 12.65 13.18 
12.74 12.96 12.29 12.90 
12.97 13.79 12.64 12.74 
13.55 13.76 12.83 13.02 
12.80 13.66 12.78 13.64 
13.35 13.37 12.68 12.77 
12.93 13.37 12.72 13.32 
12.96 13.07 12.60 12.89 
13.67 13.87 13.00 13.09 
13.27 13.83 13.21 13.71 
13.30 13.71 12.79 13.29 
13.16 13.53 12.83 13.25 
13.14 13.40 12.76 13.10 
13.58 14.24 12.92 13.25 
13.40 13.72 13.38 13.61 
13.15 13.49 13.12 13.40 
12.19 13.04 12.14 12.96 
12.87 12.97 12.14 12.26 
12.49 13.16 12.46 12.85 
12.65 12.74 12.33 12.46 
12.63 12.78 12.43 12.66 
12.02 12.63 11.90 12.60 
11.42 12.00 11.37 11.99 
11.33 11.46 10.91 11.26 
11.82 11.94 11.23 11.32 
11.94 11.95 11.15 11.91 
12.14 12.55 11.93 12.00 
12.88 12.99 12.09 12.12 
12.77 13.10 12.45 12.93 
12.76 12.95 12.41 12.72 
13.06 13.14 12.84 12.87 
12.41 13.21 12.23 13.06 
12.29 12.50 12.15 12.41 
12.07 12.34 11.91 12.29 
11.61 12.17 11.55 12.06 
11.78 11.90 11.57 11.64 
11.85 12.04 11.43 11.75 
11.24 11.92 10.75 11.87 
10.83 11.47 10.70 11.41 
11.25 11.36 10.63 10.92 
11.46 11.53 11.21 11.25 
11.02 11.42 10.90 11.42 
10.86 11.30 10.84 11.11 
10.87 11.04 10.63 10.92 
10.71 11.07 10.32 10.92 
10.70 11.00 10.56 10.64 
11.28 11.53 10.64 10.69 
11.12 11.53 10.91 11.38 
11.20 11.69 11.15 11.20 
9.45 11.43 9.28 11.34 
9.45 9.73 9.18 9.50 
9.60 9.71 9.28 9.42 
9.90 10.12 9.62 9.72 
9.82 10.49 9.78 10.13 
9.17 9.81 9.14 9.75 
9.21 9.28 9.02 9.25 
8.95 9.42 8.90 9.22 
9.13 9.24 8.82 8.96 
9.36 9.68 8.76 9.13 
9.31 9.38 9.09 9.28 
9.68 9.78 8.60 9.38 
9.01 9.82 8.93 9.77 
8.79 9.23 8.68 8.92 
8.89 8.93 8.35 8.65 
9.10 9.18 8.62 8.86 
9.50 9.56 8.51 9.06 
9.94 9.95 9.42 9.65 
9.58 9.98 9.37 9.80 
9.66 9.73 9.08 9.12 
10.78 11.12 9.86 9.86 
10.84 11.01 10.40 10.87 
10.79 10.94 10.37 10.82 
11.80 12.02 9.83 10.87 
12.21 12.34 11.46 11.74 
11.31 12.34 11.21 12.34 
10.85 11.39 10.02 11.24 
11.37 11.79 10.76 10.81 
11.86 12.20 10.95 11.18 
10.24 12.02 10.22 11.96 
10.14 10.88 10.13 10.50 
9.14 9.99 8.86 9.96 
10.10 10.26 8.88 8.95 
9.82 10.25 9.50 10.12 
11.25 11.37 9.74 10.13 
10.77 11.36 10.52 11.13 
10.63 11.01 10.41 10.83 
10.44 10.92 10.44 10.64 
9.72 10.51 9.70 10.47 
9.30 9.76 9.28 9.63 
9.34 9.62 9.08 9.32 
9.80 9.92 9.26 9.33 
9.78 9.86 9.54 9.71 
10.03 10.04 9.57 9.93 
9.92 10.32 9.84 10.13 
9.83 10.17 9.77 9.88 
9.28 9.89 9.04 9.79 
8.92 9.30 8.77 9.29 
9.24 9.32 8.95 9.00 
9.04 9.41 9.03 9.24 
8.59 9.16 8.46 9.01 
8.17 8.67 8.04 8.55 
8.33 8.41 8.03 8.09 
8.60 8.60 8.20 8.40 
9.18 9.24 8.42 8.58 
9.46 9.57 9.26 9.32 
8.81 9.47 8.74 9.46 
8.51 8.86 8.37 8.80 
9.43 9.58 8.35 8.56 
9.25 9.45 9.13 9.44 
9.07 9.42 9.06 9.27 
9.10 9.23 8.98 9.00 
8.96 9.28 8.90 9.13 
8.82 8.95 8.65 8.88 
8.78 9.07 8.67 8.78 
9.00 9.09 8.70 8.78 
8.26 8.92 8.23 8.88 
8.26 8.27 7.84 8.24 
8.54 8.67 8.25 8.28 
8.22 8.63 8.08 8.54 
8.58 8.60 8.24 8.26 
8.25 8.51 7.83 8.46 
7.74 8.24 7.57 8.23 
7.70 8.06 7.64 7.78 
8.01 8.09 7.61 7.69 
7.43 8.04 7.37 8.04 
6.88 7.45 6.82 7.42 
6.30 6.97 6.13 6.94 
6.39 6.46 6.11 6.33 
6.18 6.54 6.15 6.39 
6.42 6.50 6.18 6.23 
5.96 6.42 5.88 6.42 
5.91 5.94 5.73 5.89 
5.92 6.06 5.29 5.94 
5.53 6.24 5.45 5.92 
5.94 6.00 5.30 5.46 
6.34 6.37 5.84 6.05 
6.21 6.40 6.13 6.29 
6.25 6.46 5.79 6.15 
6.13 6.38 5.92 6.27 
6.41 6.56 5.88 6.14 
6.49 6.85 6.34 6.43 
6.86 6.97 6.03 6.25 
7.16 7.39 6.85 6.86 
7.12 7.55 6.96 7.18 
7.00 7.36 6.96 7.11 
6.64 7.07 6.54 7.00 
6.77 6.91 6.56 6.59 
6.51 6.85 6.36 6.75 
6.58 6.69 6.43 6.52 
6.42 6.71 6.39 6.59 
5.94 6.47 5.88 6.45 
6.00 6.03 5.74 5.92 
5.97 6.05 5.80 5.98 
6.16 6.24 5.69 5.87 
6.31 6.59 5.91 6.27 
6.63 6.64 6.29 6.36 
6.81 6.83 6.44 6.68 
6.99 7.13 6.73 6.73 
6.52 6.99 6.51 6.92 
6.63 6.63 6.28 6.42 
6.90 6.95 6.49 6.71 
6.61 7.30 6.61 6.88 
6.55 6.72 6.49 6.59 
6.61 6.73 6.37 6.48 
6.36 6.65 6.28 6.65 
5.93 6.35 5.81 6.31 
5.96 6.28 5.91 5.94 
4.77 5.98 4.58 5.92 
4.81 4.89 4.65 4.77 
4.51 4.84 4.41 4.79 
4.55 4.71 4.48 4.49 
4.48 4.72 4.42 4.53 
3.99 4.56 3.94 4.51 
4.10 4.12 3.88 3.94 
4.26 4.32 4.13 4.14 
4.06 4.25 4.01 4.25 
4.25 4.33 4.12 4.18 
4.33 4.41 4.15 4.27 
4.31 4.36 4.13 4.29 
4.31 4.72 4.28 4.32 
3.90 4.33 3.90 4.29 
3.92 3.94 3.77 3.88 
4.19 4.25 3.93 3.97 
4.12 4.21 3.81 4.19 
4.14 4.21 4.03 4.15 
4.34 4.43 4.10 4.20 
3.75 4.40 3.73 4.38 
3.70 4.06 3.65 3.78 
3.84 3.99 3.67 3.68 
4.01 4.18 3.82 3.90 
4.19 4.27 3.89 3.95 
3.92 4.33 3.84 4.22 
3.99 4.00 3.68 3.90 
3.86 4.00 3.73 3.99 
3.52 3.92 3.49 3.91 
3.57 3.78 3.49 3.53 
3.43 3.70 3.33 3.50 
3.11 3.49 3.01 3.43 
3.20 3.29 2.99 3.08 
3.08 3.31 3.03 3.24 
3.33 3.37 3.09 3.16 
2.93 3.35 2.91 3.33 
2.54 2.99 2.39 2.94 
2.71 2.71 2.38 2.58 
2.79 2.91 2.65 2.78 
2.57 2.73 2.43 2.72 
2.58 2.70 2.42 2.59 
2.53 2.74 2.41 2.58 
2.46 2.72 2.37 2.56 
2.10 2.52 1.94 2.41 
1.94 2.21 1.94 2.13 
2.00 2.06 1.73 1.89 
2.50 2.53 1.92 2.09 
2.82 2.94 2.31 2.46 
2.45 2.99 2.42 2.86 
2.61 2.65 2.17 2.45 
2.95 3.20 2.17 2.53 
3.20 3.32 2.55 2.81 
3.42 3.66 3.07 3.35 
4.06 4.08 3.40 3.54 
3.84 4.34 3.50 4.05 
4.16 4.22 3.75 3.92 
4.23 4.23 4.03 4.04 
4.30 4.31 4.05 4.26 
4.01 4.59 3.99 4.32 
3.80 4.06 3.75 4.03 
3.85 3.99 3.70 3.79 
3.48 4.12 3.29 3.92 
3.47 3.64 3.15 3.46 
3.62 3.77 3.34 3.43 
3.75 3.81 3.53 3.60 
4.07 4.11 3.63 3.73 
3.92 4.22 3.92 4.05 
4.06 4.08 3.75 3.96 
3.91 4.24 3.90 4.03 
3.95 4.24 3.87 3.92 
3.65 3.84 3.59 3.82 
3.86 3.89 3.58 3.62 
4.03 4.13 3.82 3.87 
4.00 4.13 3.85 4.04 
3.58 4.10 3.53 4.00 
3.87 3.92 3.58 3.60 
3.51 3.95 3.48 3.84 
3.69 3.85 3.46 3.49 
3.29 3.70 3.25 3.66 
3.19 3.53 3.15 3.41 
3.18 3.33 3.06 3.20 
3.68 3.71 3.20 3.22 
3.66 3.94 3.60 3.65 
3.73 3.83 3.36 3.67 
3.68 4.07 3.44 3.73 
4.11 4.17 3.90 3.99 
4.43 4.59 4.01 4.05 
4.69 4.87 4.42 4.44 
4.55 4.79 4.51 4.72 
4.45 4.61 4.19 4.56 
4.72 4.80 4.45 4.45 
4.50 4.75 4.49 4.72 
4.12 4.57 4.06 4.53 
3.94 4.10 3.90 4.07 
3.91 4.06 3.83 3.93 
4.22 4.46 3.94 3.94 
4.52 4.57 4.17 4.30 
4.46 5.05 4.16 4.50 
4.59 4.61 4.42 4.49 
4.71 4.84 4.41 4.62 
4.67 4.71 4.57 4.67 
4.57 4.71 4.54 4.66 
4.35 4.59 4.30 4.57 
4.00 4.44 3.99 4.39 
4.03 4.04 3.80 4.00 
3.75 3.97 3.69 3.96 
3.80 3.82 3.50 3.75 
3.85 4.00 3.62 3.74 
4.15 4.20 3.75 3.84 
3.59 4.45 3.44 4.20 
3.74 3.74 3.52 3.58 
3.47 3.77 3.45 3.75 
3.44 3.50 3.40 3.45 
3.47 3.51 3.34 3.42 
3.62 3.63 3.42 3.44 
3.65 3.65 3.46 3.62 
3.42 3.74 3.38 3.66 
3.18 3.67 3.17 3.43 
3.08 3.18 3.00 3.17 
3.12 3.16 2.98 3.08 
3.10 3.19 3.01 3.16 
2.21 3.19 2.21 3.13 
2.19 2.27 2.18 2.25 
2.09 2.13 2.06 2.12 
1.99 2.09 1.98 2.08 
1.95 2.01 1.92 1.99 
1.90 1.99 1.90 1.95 
1.93 1.95 1.86 1.89 
1.86 1.97 1.85 1.94 
2.01 2.10 1.88 1.88 
1.94 2.02 1.92 2.02 
1.86 1.98 1.84 1.94 
1.83 1.97 1.83 1.87 
1.92 1.95 1.81 1.84 
1.93 1.96 1.85 1.91 
2.01 2.03 1.97 1.97 
2.01 2.03 1.91 2.01 
1.91 2.01 1.90 2.00 
1.97 1.98 1.89 1.92 
2.11 2.14 1.95 1.97 
2.12 2.16 2.10 2.12 
1.96 2.15 1.96 2.13 
1.88 1.99 1.88 1.96 
1.62 1.93 1.61 1.87 
1.64 1.66 1.59 1.63 
1.62 1.69 1.61 1.67 
1.60 1.67 1.53 1.63 
1.55 1.63 1.54 1.61 
1.62 1.64 1.50 1.54 
1.51 1.64 1.49 1.63 
1.58 1.61 1.48 1.53 
1.42 1.59 1.41 1.59 
1.44 1.45 1.38 1.40 
1.31 1.49 1.31 1.46 
1.36 1.36 1.29 1.30 
1.35 1.38 1.29 1.36 
1.67 1.73 1.30 1.36 
1.64 1.74 1.64 1.66 
1.81 1.83 1.64 1.65 
1.93 1.93 1.79 1.81 
1.83 1.94 1.81 1.93 
1.76 1.85 1.74 1.83 
1.70 1.76 1.65 1.75 
1.72 1.73 1.62 1.69 
1.79 1.79 1.69 1.74 
1.70 1.82 1.66 1.80 
1.63 1.70 1.58 1.70 
1.75 1.77 1.63 1.64 
1.76 1.78 1.68 1.75 
1.81 1.81 1.75 1.76 
1.82 1.86 1.75 1.80 
1.86 1.86 1.77 1.83 
1.83 1.94 1.80 1.85 
1.77 1.84 1.76 1.83 
1.80 1.86 1.77 1.77 
1.82 1.87 1.79 1.80 
1.87 1.88 1.79 1.81 
1.95 1.96 1.77 1.86 
1.91 2.00 1.87 1.96 
1.92 1.95 1.86 1.93 
2.27 2.30 1.87 1.92 
2.20 2.26 2.15 2.26 
2.37 2.43 2.20 2.22 
2.44 2.46 2.36 2.36 
2.45 2.50 2.38 2.46 
2.46 2.50 2.42 2.46 
2.44 2.50 2.39 2.44 
2.41 2.48 2.38 2.45 
2.38 2.45 2.36 2.40 
2.13 2.40 2.12 2.40 
2.05 2.15 2.03 2.13 
2.30 2.35 1.94 2.05 
2.18 2.30 2.18 2.30 
2.19 2.22 2.10 2.19 
2.27 2.33 2.17 2.19 
2.12 2.29 2.12 2.27 
2.13 2.17 2.02 2.11 
2.14 2.25 2.11 2.14 
2.08 2.21 2.08 2.15 
2.10 2.15 2.05 2.08 
2.18 2.21 2.10 2.12 
2.20 2.27 2.17 2.19 
2.27 2.32 2.20 2.21 
2.24 2.35 2.22 2.26 
1.90 2.29 1.89 2.26 
1.85 1.99 1.83 1.90 
1.74 1.88 1.73 1.86 
1.68 1.74 1.67 1.74 
1.75 1.75 1.64 1.65 
1.75 1.80 1.74 1.75 
1.73 1.80 1.73 1.77 
1.78 1.81 1.72 1.75 
1.77 1.85 1.76 1.78 
1.78 1.80 1.76 1.77 
1.70 1.80 1.70 1.77 
1.72 1.74 1.68 1.70 
1.61 1.73 1.60 1.73 
1.66 1.70 1.53 1.62 
1.65 1.69 1.60 1.65 
1.73 1.75 1.65 1.65 
1.70 1.77 1.69 1.73 
1.66 1.74 1.65 1.70 
1.71 1.73 1.64 1.64 
1.73 1.74 1.68 1.71 
1.80 1.82 1.70 1.74 
1.75 1.82 1.66 1.79 
1.79 1.83 1.75 1.77 
1.79 1.84 1.75 1.79 
2.12 2.18 1.73 1.79 
2.21 2.25 2.01 2.11 
2.10 2.23 2.04 2.23 
2.25 2.27 2.04 2.12 
1.98 2.28 1.97 2.21 
2.00 2.02 1.93 1.95 
1.97 2.05 1.94 2.00 
1.99 2.00 1.90 1.95 
1.98 2.04 1.89 2.00 
1.92 1.98 1.88 1.95 
2.02 2.08 1.91 1.93 
1.84 2.05 1.83 2.02 
1.70 1.88 1.68 1.83 
1.92 2.01 1.65 1.73 
1.99 2.08 1.89 1.93 
2.05 2.13 1.98 2.00 
2.04 2.06 1.95 2.02 
2.14 2.20 2.04 2.05 
1.96 2.21 1.94 2.15 
1.95 1.97 1.87 1.93 
2.00 2.00 1.89 1.94 
1.99 2.04 1.91 2.00 
1.81 2.02 1.80 1.98 
1.77 1.87 1.74 1.81 
1.92 1.95 1.74 1.77 
2.00 2.01 1.87 1.95 
2.36 2.39 1.98 2.00 
2.41 2.52 2.34 2.35 
2.62 2.63 2.39 2.42 
2.61 2.73 2.59 2.63 
2.48 2.60 2.41 2.59 
2.47 2.55 2.45 2.48 
2.58 2.61 2.46 2.50 
2.39 2.58 2.38 2.55 
2.06 2.43 2.06 2.42 
2.11 2.16 2.03 2.06 
2.06 2.21 2.03 2.15 
2.19 2.26 2.08 2.10 
2.31 2.44 2.17 2.18 
2.27 2.46 2.25 2.31 
2.40 2.42 2.27 2.27 
2.28 2.41 2.27 2.40 
2.10 2.31 2.10 2.30 
2.09 2.12 1.96 2.08 
2.11 2.19 2.05 2.14 
2.20 2.25 2.05 2.12 
2.14 2.24 2.08 2.20 
2.31 2.32 2.11 2.15 
2.34 2.40 2.28 2.32 
2.53 2.53 2.21 2.32 
2.78 2.89 2.43 2.52 
2.58 2.84 2.54 2.79 
2.60 2.68 2.46 2.58 
2.69 2.69 2.57 2.60 
2.45 2.75 2.44 2.67 
2.60 2.61 2.35 2.46 
2.58 2.61 2.42 2.55 
2.72 2.74 2.54 2.58 
2.46 2.70 2.43 2.70 
2.60 2.61 2.38 2.43 
2.70 2.76 2.54 2.62 
2.74 2.87 2.70 2.72 
2.98 3.06 2.65 2.72 
2.90 3.02 2.87 2.98 
2.64 2.96 2.63 2.90 
2.44 2.66 2.38 2.64 
2.33 2.56 2.31 2.43 
2.27 2.41 2.25 2.38 
2.33 2.37 2.24 2.28 
2.33 2.39 2.29 2.33 
2.24 2.32 2.23 2.32 
2.02 2.35 2.02 2.26 
1.95 2.02 1.92 2.00 
1.99 2.01 1.91 1.96 
2.07 2.13 1.99 2.00 
1.74 2.15 1.70 2.08 
1.93 1.98 1.74 1.75 
1.92 2.04 1.85 1.88 
1.83 1.91 1.78 1.90 
1.77 1.85 1.73 1.81 
1.73 1.86 1.70 1.75 
1.72 1.77 1.64 1.71 
1.82 1.83 1.66 1.67 
1.63 1.80 1.62 1.79 
1.64 1.66 1.56 1.64 
1.54 1.67 1.53 1.65 
1.47 1.56 1.45 1.55 
1.43 1.47 1.41 1.47 
1.25 1.45 1.24 1.45 
1.24 1.27 1.21 1.25 
1.36 1.38 1.24 1.29 
1.33 1.35 1.25 1.31 
1.35 1.40 1.31 1.36 
1.22 1.40 1.22 1.40 
1.13 1.25 1.12 1.24 
1.11 1.15 1.07 1.15 
1.01 1.11 1.01 1.10 
1.07 1.08 0.9805 1.00 
1.10 1.13 1.06 1.07 
1.06 1.16 1.02 1.09 
1.07 1.14 1.06 1.07 
1.02 1.09 1.01 1.07 
0.9425 1.03 0.9275 1.03 
1.09 1.12 0.9215 0.9430 
1.11 1.13 1.08 1.10 
1.11 1.13 1.06 1.11 
1.21 1.25 1.08 1.13 
1.20 1.23 1.17 1.17 
1.13 1.21 1.06 1.20 
0.9700 1.12 0.9400 1.11 
0.9699 0.9905 0.9100 0.9755 
0.9445 1.10 0.9035 0.9900 
0.9090 1.01 0.9085 0.9520 
0.8275 0.9370 0.8185 0.9230 
0.8320 0.8820 0.7925 0.8275 
0.7800 0.8701 0.7645 0.8505 
0.8255 0.8965 0.7725 0.7930 
0.7560 0.8925 0.7530 0.8305 
0.7355 0.7740 0.7120 0.7655 
0.7645 0.7720 0.7105 0.7470 
0.7420 0.7995 0.7335 0.7585 
0.7070 0.7505 0.6660 0.7450 
0.6825 0.7375 0.6390 0.7130 
0.6625 0.7450 0.6615 0.6920 
0.7575 0.7940 0.6130 0.6465 
0.7735 0.8580 0.7500 0.7645 
0.7475 0.8095 0.7000 0.7715 
0.8085 0.8085 0.6445 0.7605 
0.8715 0.8890 0.7340 0.8125 
0.8475 0.9580 0.8430 0.8765 
0.8950 0.9060 0.8130 0.8410 
0.9155 0.9325 0.8725 0.9290 
0.9785 0.9805 0.9040 0.9115 
0.9400 0.9900 0.9110 0.9735 
0.8585 1.02 0.8425 0.9580 
0.7970 0.9115 0.7875 0.8470 
0.8375 0.8525 0.7875 0.8025 
0.7290 0.8525 0.6940 0.8455 
0.6710 0.7500 0.6675 0.7265 
0.6485 0.7295 0.6260 0.6655 
0.7140 0.7545 0.6615 0.6750 
0.7735 0.7865 0.6850 0.7150 
0.7075 0.7802 0.7070 0.7765 
0.8020 0.8440 0.6775 0.7015 
0.7710 0.8480 0.7410 0.8175 
0.6475 0.7700 0.6075 0.7695 
0.6320 0.7130 0.6250 0.6705 
0.6455 0.6545 0.5530 0.6260 
0.6370 0.7885 0.5950 0.6865 
0.5400 0.5415 0.4515 0.5080 
0.6040 0.6258 0.5435 0.5515 
0.5535 0.6200 0.5245 0.6125 
0.5075 0.5745 0.4755 0.5450 
0.5550 0.5680 0.5000 0.5000 
0.5775 0.6250 0.5035 0.5500 
0.5510 0.6401 0.5240 0.5855 
0.4915 0.6200 0.4900 0.5660 
0.4675 0.4750 0.4020 0.4540 
0.3580 0.4950 0.3400 0.4475 
0.3550 0.3840 0.3370 0.3560 
0.4035 0.4800 0.3160 0.3355 
0.4120 0.4995 0.3750 0.4005 
0.3535 0.4080 0.3335 0.4035 
0.2955 0.3950 0.2755 0.3600 
0.3850 0.3915 0.2835 0.2985 
0.3650 0.4025 0.3320 0.3740 
0.4200 0.4325 0.4030 0.4315 
0.4475 0.4595 0.3425 0.4255 
0.5045 0.5135 0.4275 0.4470 
0.5095 0.5395 0.4785 0.5115 
0.5050 0.5520 0.4700 0.4995 
0.6090 0.6100 0.4970 0.4975 
0.6105 0.6430 0.5990 0.6075 
0.8510 0.8565 0.5535 0.6125 
0.8470 0.8710 0.7915 0.8490 
0.7675 0.8500 0.7410 0.8490 
0.7050 0.7860 0.6925 0.7635 
0.6355 0.7325 0.6020 0.7075 
0.6225 0.6638 0.5600 0.6200 
0.7750 0.7775 0.6150 0.6245 
0.8660 0.8960 0.7740 0.7850 
0.8605 0.8770 0.7810 0.8475 
0.7475 0.8765 0.7375 0.8545 
0.7265 0.7500 0.6550 0.7360 
0.8680 0.8765 0.7000 0.7340 
0.7815 0.8800 0.7795 0.8780 
0.8195 0.8730 0.7300 0.7635 
0.7250 0.9080 0.6825 0.7890 
0.5920 0.7505 0.5350 0.7335 
0.5165 0.5265 0.4050 0.4185 
0.5350 0.5900 0.4955 0.5115 
0.5594 0.5750 0.4781 0.5094 
0.5687 0.5844 0.5062 0.5500 
0.6188 0.7000 0.5625 0.6125 
0.6813 0.6844 0.4797 0.5000 
0.7063 0.7531 0.6656 0.6844 
0.7312 0.7937 0.6687 0.6687 
0.9563 1.04 0.7125 0.7188 
0.9156 1.12 0.8625 0.9750 
0.7906 0.9250 0.6781 0.8844 
0.8156 0.9250 0.7500 0.7781 
1.04 1.06 0.7438 0.7781 
1.14 1.38 1.09 1.14 
1.26 1.38 1.01 1.17 
1.49 1.54 1.14 1.23 
1.30 1.46 1.11 1.45 
1.44 1.54 1.29 1.37 
1.93 1.97 1.49 1.50 
1.48 2.04 1.38 1.88 
1.41 1.56 0.9688 1.54 
1.51 1.64 1.18 1.42 
1.91 1.92 1.51 1.58 
2.06 2.13 1.77 1.92 
2.17 2.23 1.86 2.07 
2.13 2.30 2.05 2.18 
2.05 2.48 2.01 2.15 
1.94 2.20 1.93 2.08 
1.95 2.02 1.75 2.00 
1.68 2.01 1.63 1.95 
1.60 1.71 1.49 1.68 
1.50 1.71 1.39 1.63 
2.05 2.07 1.45 1.50 
2.14 2.20 1.95 2.06 
1.82 2.16 1.63 2.13 
1.83 1.93 1.74 1.81 
1.77 2.00 1.64 1.82 
2.27 2.43 1.62 1.69 
2.61 2.61 2.27 2.30 
2.75 2.81 2.51 2.61 
2.37 2.91 2.32 2.89 
2.65 2.66 2.02 2.33 
2.68 3.12 2.54 2.63 
2.84 2.96 2.45 2.69 
2.80 3.02 2.65 2.92 
2.47 2.87 2.24 2.76 
2.26 2.81 2.23 2.62 
3.36 3.42 2.04 2.34 
3.27 3.43 2.79 3.38 
3.61 3.76 3.15 3.35 
3.17 3.76 3.11 3.63 
3.20 3.35 3.00 3.24 
3.14 3.45 3.03 3.34 
3.25 3.59 3.10 3.13 
3.78 3.81 3.19 3.24 
3.81 4.20 3.66 3.81 
3.02 4.30 2.92 3.93 
3.17 3.67 3.00 3.08 
3.63 3.63 3.15 3.21 
4.08 4.58 3.20 3.48 
4.39 4.41 3.80 3.81 
4.89 5.06 4.45 4.50 
5.33 5.33 4.55 4.70 
4.34 5.65 4.22 5.33 
4.78 4.84 4.10 4.33 
3.89 4.76 3.80 4.66 
3.78 4.00 3.67 3.90 
3.24 4.15 3.17 3.75 
3.95 4.22 3.05 3.25 
3.75 4.18 3.55 3.93 
4.46 4.47 3.70 3.75 
3.97 4.50 3.74 4.46 
3.31 4.25 3.06 3.86 
3.18 3.44 3.03 3.25 
3.28 3.40 3.13 3.19 
3.19 3.40 3.05 3.33 
3.19 3.25 2.80 3.12 
2.90 3.39 2.89 3.21 
2.46 2.94 2.39 2.84 
2.29 2.44 2.05 2.44 
2.46 2.55 2.05 2.24 
2.76 2.89 2.44 2.50 
3.40 3.42 2.58 2.86 
3.13 3.56 2.88 3.44 
3.20 3.33 3.00 3.14 
2.77 3.23 2.56 3.10 
2.84 3.24 2.70 2.75 
2.60 2.98 2.24 2.78 
2.71 3.03 2.62 2.65 
2.79 2.88 2.43 2.71 
3.22 3.23 2.61 2.97 
3.25 3.49 3.04 3.21 
3.42 3.85 3.25 3.31 
4.17 4.18 3.27 3.41 
5.22 5.53 4.13 4.30 
4.72 5.41 3.84 5.25 
4.40 4.80 3.77 4.75 
4.32 4.89 4.15 4.57 
3.75 4.50 3.70 4.28 
3.33 3.69 2.85 3.48 
3.33 3.58 3.21 3.38 
3.04 3.57 2.98 3.33 
3.17 3.40 2.90 3.04 
2.67 3.25 2.11 3.20 
2.86 2.88 2.38 2.61 
2.94 3.17 2.71 2.90 
3.76 3.76 2.31 2.92 
4.60 4.63 3.13 3.51 
2.73 4.98 2.66 4.01 
2.76 3.02 2.53 2.68 
2.53 2.75 2.50 2.71 
1.84 2.51 1.82 2.39 
1.61 1.87 1.54 1.86 
1.83 1.84 1.52 1.57 
1.59 1.94 1.55 1.81 
1.07 1.51 1.03 1.51 
1.02 1.17 1.01 1.06 
1.07 1.11 1.03 1.04 
0.8250 1.08 0.8250 1.05 
0.8094 0.8495 0.7479 0.8286 
0.9073 0.9354 0.6667 0.7599 
0.9698 1.00 0.8333 0.9187 
0.6333 0.9739 0.6333 0.9104 
0.6698 0.7161 0.5865 0.6641 
0.7833 0.7896 0.6125 0.6338 
0.8786 0.8970 0.5417 0.7187 
1.09 1.15 0.8604 0.8824 
1.01 1.11 0.9875 1.08 
0.9750 1.13 0.9583 1.02 
0.9146 0.9906 0.8333 0.9667 
0.9927 1.06 0.8792 0.9239 
1.01 1.23 0.9750 1.04 
0.8042 1.00 0.7854 0.9984 
1.06 1.20 0.8177 0.8292 
0.7896 1.05 0.7896 1.03 
0.6229 0.8729 0.6021 0.7854 
0.4958 0.6875 0.4927 0.6318 
0.3651 0.5292 0.3625 0.5083 
0.3667 0.3771 0.3437 0.3687 
0.3586 0.3708 0.3323 0.3672 
0.3750 0.3812 0.3562 0.3583 
0.3872 0.3943 0.3604 0.3734 
0.3958 0.3995 0.3677 0.3849 
0.3474 0.4146 0.3214 0.3937 
0.3974 0.4146 0.3354 0.3536 
0.3953 0.4167 0.3833 0.3953 
0.3927 0.4000 0.3531 0.3969 
0.3578 0.4031 0.3490 0.3875 
0.3482 0.3630 0.3312 0.3542 
0.3315 0.3646 0.3245 0.3500 
0.3203 0.3677 0.3198 0.3279 
0.3161 0.3281 0.2917 0.3198 
0.2609 0.3318 0.2526 0.3208 
0.2458 0.2732 0.2385 0.2594 
0.2474 0.2625 0.2437 0.2453 
0.2411 0.2672 0.2312 0.2458 
0.2083 0.2505 0.2073 0.2396 
0.2443 0.2469 0.2115 0.2130 
0.2292 0.2521 0.2266 0.2479 
0.2250 0.2391 0.2216 0.2260 
0.2292 0.2333 0.2083 0.2250 
0.2271 0.2417 0.2198 0.2271 
0.2120 0.2297 0.2068 0.2297 
0.2187 0.2208 0.2021 0.2062 
0.2115 0.2302 0.2109 0.2245 
0.2250 0.2281 0.1833 0.2083 
0.2609 0.2609 0.2193 0.2240 
0.1839 0.2750 0.1833 0.2542 
0.1964 0.2052 0.1760 0.1812 
0.2000 0.2094 0.1833 0.1951 
0.2073 0.2250 0.1901 0.2008 
0.2000 0.2406 0.1974 0.2083 
0.1833 0.2042 0.1526 0.1974 
