14.16 14.24 14.02 14.13 
13.86 14.14 13.41 14.06 
13.88 14.26 13.17 13.42 
15.25 15.43 14.15 14.23 
15.67 16.03 14.23 15.08 
14.20 15.98 14.01 15.79 
15.85 16.80 13.53 14.16 
15.48 16.44 15.28 15.95 
15.40 16.14 14.99 15.69 
15.58 15.94 15.05 15.41 
15.44 16.74 15.40 15.75 
16.02 16.22 15.31 15.38 
16.26 16.38 15.47 16.10 
17.40 17.66 16.06 16.29 
17.12 17.57 16.85 17.54 
16.63 17.10 16.16 17.04 
16.40 16.69 15.73 16.55 
15.75 17.18 15.27 16.42 
17.18 17.42 15.46 16.02 
17.27 17.72 16.72 17.33 
17.00 17.76 16.79 17.20 
16.09 17.15 15.88 16.84 
15.85 16.32 15.40 16.13 
17.51 17.60 16.11 16.14 
17.20 17.60 16.74 17.56 
15.89 17.35 15.89 17.13 
15.75 16.21 15.70 15.77 
14.90 15.88 14.60 15.76 
15.17 15.23 14.50 15.08 
15.36 15.80 15.09 15.21 
14.55 15.64 13.86 15.17 
14.49 15.04 14.23 14.43 
14.62 14.81 14.31 14.39 
15.50 15.95 14.57 14.64 
14.73 15.52 14.69 15.46 
15.41 15.50 14.47 14.65 
15.03 15.69 15.00 15.36 
14.85 15.29 14.52 15.15 
14.65 15.15 14.45 14.83 
13.41 14.72 13.41 14.62 
13.27 13.60 12.99 13.41 
14.35 14.41 13.35 13.55 
15.40 15.48 14.29 14.31 
15.47 15.89 15.21 15.48 
14.63 15.54 14.55 15.42 
14.90 15.03 14.27 14.58 
14.86 15.28 14.63 14.98 
14.59 14.98 14.33 14.87 
14.34 14.68 14.07 14.50 
13.56 14.26 13.48 14.10 
14.50 14.56 13.69 13.86 
14.71 14.73 14.03 14.58 
14.72 14.81 14.45 14.71 
14.54 14.89 14.41 14.74 
15.95 16.05 14.31 14.45 
16.23 16.32 15.56 15.89 
16.14 16.23 15.78 16.22 
16.35 16.54 15.92 15.96 
16.34 16.61 15.81 16.23 
16.50 16.74 15.62 16.26 
16.04 16.56 15.72 16.48 
16.39 16.60 15.89 16.02 
15.95 16.48 15.66 16.42 
15.80 16.08 15.55 15.95 
15.73 16.02 15.58 15.79 
15.93 16.07 15.54 15.70 
15.25 16.03 14.64 16.01 
15.66 16.14 15.27 15.28 
14.45 15.96 14.39 15.81 
14.83 15.06 13.48 14.40 
14.05 14.89 14.03 14.56 
14.43 14.58 13.84 14.13 
13.09 14.40 13.08 14.38 
12.43 13.20 12.18 13.14 
12.08 13.15 11.85 12.34 
12.59 12.65 11.80 12.14 
11.70 12.88 11.67 12.54 
11.90 12.25 11.53 11.88 
11.77 12.05 11.57 11.85 
11.85 11.88 11.56 11.76 
11.97 12.33 11.81 12.12 
12.18 12.37 11.79 11.99 
11.28 12.34 10.95 12.34 
10.59 11.68 10.50 11.22 
10.48 10.82 10.25 10.47 
9.55 10.18 9.49 10.14 
8.79 9.37 8.64 9.19 
9.36 9.40 8.29 8.64 
9.53 9.59 9.22 9.48 
9.83 10.03 9.46 9.48 
9.51 10.08 9.50 9.81 
9.26 9.56 9.05 9.42 
9.30 9.49 8.84 9.11 
9.32 9.67 9.27 9.50 
9.35 9.68 9.10 9.24 
9.83 10.10 9.38 9.59 
9.40 10.28 9.30 9.83 
9.71 9.72 9.12 9.33 
10.11 10.60 9.41 9.67 
9.87 10.24 9.71 10.09 
9.57 9.90 9.35 9.87 
9.60 9.94 9.38 9.62 
9.38 9.95 9.10 9.67 
9.60 9.67 8.95 9.26 
9.58 9.76 9.35 9.41 
9.79 10.00 8.97 9.50 
9.89 10.74 9.74 9.82 
11.46 11.71 9.69 10.15 
9.67 11.38 9.55 11.11 
9.45 9.83 9.33 9.71 
9.43 10.45 9.03 9.17 
10.08 10.12 8.62 9.11 
9.35 10.28 9.12 10.25 
9.41 10.43 9.35 9.48 
9.45 9.75 8.95 9.53 
10.48 10.76 9.20 9.71 
9.95 10.80 9.61 10.53 
9.80 10.22 9.09 9.30 
8.54 10.61 7.65 9.82 
8.56 9.46 7.43 8.63 
11.19 11.60 8.94 9.86 
12.79 13.33 11.40 11.99 
13.74 14.02 12.06 12.79 
14.25 14.66 14.09 14.18 
14.65 15.18 14.35 14.44 
14.06 15.08 14.01 14.74 
14.46 14.75 13.81 13.93 
15.01 15.22 14.70 14.76 
15.47 15.80 14.98 15.10 
15.61 15.80 15.45 15.47 
15.92 16.18 15.62 15.77 
15.61 16.11 15.54 15.90 
16.11 16.35 15.58 15.58 
15.84 16.45 15.71 16.03 
15.83 16.11 15.37 15.91 
17.16 17.46 15.75 15.83 
17.22 17.58 16.99 17.12 
17.44 17.59 16.98 17.23 
16.59 17.44 16.59 17.43 
16.28 16.55 15.81 16.50 
15.85 16.41 15.68 16.16 
14.62 15.39 14.59 15.35 
14.40 14.66 13.82 14.35 
15.00 15.39 14.05 14.40 
14.30 15.10 14.14 15.00 
15.19 15.37 14.35 14.43 
14.66 15.46 14.63 15.32 
13.67 14.61 13.38 14.57 
12.92 13.92 12.79 13.82 
12.99 13.32 12.69 12.75 
13.24 13.68 12.52 12.80 
13.02 13.58 12.61 13.39 
14.59 14.76 13.02 13.27 
14.80 14.87 14.26 14.63 
14.89 15.05 14.60 14.84 
15.08 15.13 14.48 14.91 
15.24 15.48 14.96 15.17 
15.02 15.22 14.75 14.95 
14.18 15.06 14.11 14.94 
14.18 14.41 14.05 14.15 
13.74 14.36 13.55 14.09 
14.44 14.63 13.59 13.72 
14.40 15.31 14.27 14.39 
14.45 14.92 14.05 14.62 
15.59 15.73 14.77 14.79 
15.73 16.07 15.53 15.93 
16.66 16.69 15.60 15.77 
16.36 16.71 16.36 16.66 
16.14 16.48 15.90 16.40 
15.55 16.17 15.54 16.15 
15.30 15.54 15.05 15.43 
16.00 16.12 15.27 15.29 
15.64 16.11 15.13 16.07 
16.45 16.52 15.41 15.61 
16.35 16.97 16.25 16.38 
16.03 16.50 15.98 16.32 
15.91 16.24 15.83 16.09 
15.73 16.19 15.58 15.92 
15.11 15.86 15.07 15.69 
14.66 15.38 14.32 15.35 
14.11 14.75 13.73 14.68 
13.82 14.31 13.69 14.24 
13.17 13.92 12.93 13.80 
12.46 13.31 12.09 13.03 
14.17 14.27 12.48 12.61 
14.62 14.99 14.19 14.22 
15.26 16.26 14.56 14.71 
14.72 15.46 14.69 15.00 
15.10 15.21 14.40 14.54 
15.58 15.68 14.89 15.20 
15.89 16.52 15.56 15.72 
14.80 16.09 14.36 15.89 
15.54 15.89 14.48 14.63 
15.42 15.65 15.10 15.44 
16.07 16.15 14.55 15.42 
16.37 17.02 16.04 16.14 
17.00 17.02 16.17 16.31 
16.58 17.27 16.23 17.02 
16.42 16.80 16.16 16.58 
16.37 17.59 16.26 16.53 
16.74 16.96 15.72 16.20 
15.85 16.80 15.66 16.67 
15.93 16.29 15.78 15.85 
15.58 16.00 15.32 15.98 
15.41 15.89 15.23 15.59 
15.45 16.16 15.34 15.47 
15.04 15.54 14.99 15.49 
14.50 15.05 14.46 14.98 
15.17 15.55 14.47 14.61 
15.80 16.06 15.13 15.24 
15.96 16.18 15.62 15.95 
15.43 16.13 15.12 16.01 
17.66 17.74 15.16 15.52 
17.75 17.82 17.29 17.56 
17.24 17.78 17.19 17.67 
17.34 17.46 16.75 17.21 
17.38 17.68 17.02 17.35 
17.45 17.88 17.16 17.29 
16.73 17.60 16.73 17.40 
17.48 17.52 16.61 16.70 
17.92 18.16 17.41 17.54 
18.70 18.93 17.63 17.63 
19.16 19.23 18.68 18.79 
18.77 19.48 18.74 19.16 
16.47 19.13 16.22 18.78 
15.42 16.56 15.31 16.39 
16.53 16.65 14.65 15.30 
16.66 17.07 16.31 16.65 
15.82 16.89 15.71 16.71 
14.43 15.87 14.38 15.81 
14.69 14.79 14.36 14.36 
14.45 14.93 14.43 14.71 
14.25 14.59 14.22 14.41 
14.44 14.52 13.99 14.34 
13.21 14.46 13.15 14.44 
13.68 14.31 12.81 13.32 
13.67 13.70 13.10 13.68 
13.46 13.75 13.24 13.70 
14.23 14.28 13.40 13.50 
14.09 14.47 13.88 14.28 
14.88 14.96 13.80 14.04 
14.84 15.06 14.64 14.89 
14.68 15.00 14.55 14.80 
14.19 15.12 14.17 14.71 
13.57 14.29 13.47 14.26 
14.20 14.40 12.97 13.52 
13.95 14.39 13.64 14.31 
13.34 14.07 13.25 13.92 
13.57 13.86 13.26 13.33 
13.57 13.73 13.24 13.42 
13.65 13.76 13.31 13.58 
13.95 14.04 13.41 13.58 
13.33 13.99 13.23 13.97 
12.88 13.37 12.85 13.33 
12.93 13.18 12.72 12.88 
13.09 13.17 12.70 12.87 
12.81 13.19 12.78 13.07 
13.10 13.17 12.75 12.79 
14.57 14.68 13.04 13.18 
14.37 14.74 14.36 14.61 
14.66 14.86 14.33 14.37 
14.61 14.78 14.45 14.64 
14.50 14.62 14.40 14.61 
14.16 14.57 14.12 14.45 
13.98 14.28 13.95 14.07 
14.23 14.36 13.92 13.95 
13.96 14.31 13.43 14.18 
13.10 13.95 13.01 13.77 
13.23 13.51 12.84 13.23 
12.90 13.36 12.80 13.28 
13.28 13.48 12.90 13.00 
14.18 14.46 12.78 13.39 
13.96 14.23 13.92 14.18 
13.57 14.10 13.55 13.94 
13.07 13.70 12.69 13.66 
13.27 13.45 13.01 13.10 
13.48 13.78 13.02 13.33 
13.84 13.89 13.38 13.45 
13.61 13.97 13.61 13.84 
14.00 14.17 13.59 13.65 
13.90 14.41 13.84 14.24 
13.35 13.89 13.30 13.86 
13.61 13.73 13.06 13.49 
13.57 13.86 13.41 13.55 
13.01 13.77 12.99 13.55 
12.93 13.11 12.51 12.81 
12.60 13.07 12.43 12.88 
12.49 12.77 12.26 12.57 
13.06 13.19 12.47 12.51 
13.13 13.33 12.88 12.98 
13.28 13.55 13.11 13.22 
13.00 13.67 12.99 13.35 
12.89 12.97 11.99 12.94 
12.65 12.97 12.25 12.91 
12.68 12.84 12.47 12.66 
12.74 12.90 12.48 12.71 
12.78 12.88 12.45 12.72 
12.29 12.90 11.99 12.73 
11.83 12.73 11.68 12.22 
11.46 11.72 11.42 11.65 
10.69 11.72 10.41 11.49 
10.46 10.83 9.86 10.74 
11.17 11.54 10.52 10.55 
11.05 11.13 10.59 11.01 
10.46 11.42 10.32 11.11 
9.23 10.75 9.22 10.61 
9.16 9.41 8.94 9.22 
9.13 9.50 9.07 9.16 
9.68 9.73 9.04 9.17 
10.09 10.18 9.59 9.68 
10.00 10.31 9.92 10.16 
10.43 10.50 9.79 10.11 
10.72 10.72 10.15 10.40 
10.16 10.78 10.01 10.69 
10.07 10.51 9.93 10.21 
9.41 10.22 9.32 10.07 
8.79 9.55 8.75 9.49 
7.73 9.21 7.61 8.97 
7.21 8.07 7.13 7.81 
7.55 7.60 6.98 7.14 
7.94 8.12 7.57 7.67 
7.37 8.07 6.76 8.00 
7.80 7.97 7.26 7.29 
8.70 8.86 7.73 7.87 
8.65 9.00 8.61 8.83 
8.21 8.82 8.06 8.73 
8.31 8.71 8.09 8.23 
8.72 9.00 8.22 8.24 
8.27 9.23 8.24 8.84 
8.23 8.64 7.85 8.34 
7.77 8.50 7.62 8.26 
8.29 8.41 7.64 7.78 
8.71 8.82 7.62 8.37 
9.94 9.94 8.55 8.55 
10.75 10.75 9.44 9.88 
